 length	cost1	cost2	        cpu1	        cpu2
  10000	  779	  773	    15625000	           0
  10000	  776	  777	    15625000	           0
  10000	  776	  770	    15625000	           0
  10000	  780	  775	           0	    15625000
  10000	  776	  771	           0	    15625000
  10000	  774	  761	           0	    15625000
  10000	  778	  776	           0	    15625000
  10000	  769	  768	           0	    15625000
  10000	  765	  773	           0	           0
  10000	  777	  773	           0	           0
  10000	  782	  764	    15625000	           0
  10000	  775	  772	    15625000	           0
  10000	  770	  783	    15625000	           0
  10000	  770	  769	           0	    15625000
  10000	  776	  782	           0	    15625000
  10000	  773	  774	           0	    15625000
  10000	  781	  779	           0	           0
  10000	  774	  781	           0	           0
  10000	  770	  780	    15625000	           0
  10000	  778	  773	    15625000	           0
  10000	  777	  778	           0	    15625000
  10000	  775	  778	           0	    15625000
  10000	  778	  775	           0	           0
  10000	  771	  779	    15625000	           0
  10000	  770	  774	    15625000	           0
  10000	  771	  767	    15625000	           0
  10000	  773	  773	           0	    15625000
  10000	  775	  782	           0	    15625000
  10000	  783	  771	           0	           0
  10000	  775	  777	    15625000	           0
  10000	  781	  767	    15625000	           0
  10000	  775	  773	    15625000	           0
  10000	  776	  777	           0	    15625000
  10000	  775	  774	           0	    15625000
  10000	  780	  785	           0	           0
  10000	  775	  780	    15625000	           0
  10000	  780	  770	    15625000	           0
  10000	  773	  779	           0	    15625000
  10000	  770	  782	           0	    15625000
  10000	  776	  765	           0	    15625000
  10000	  771	  778	           0	           0
  10000	  768	  776	    15625000	           0
  10000	  778	  769	    15625000	           0
  10000	  781	  780	           0	    15625000
  10000	  775	  780	           0	    15625000
  10000	  774	  770	           0	           0
  10000	  783	  777	    15625000	           0
  10000	  782	  783	    15625000	           0
  10000	  780	  777	    15625000	           0
  10000	  777	  766	           0	    15625000
  10000	  777	  770	           0	           0
  10000	  770	  768	           0	           0
  10000	  771	  783	    15625000	           0
  10000	  773	  774	    15625000	           0
  10000	  776	  774	           0	    15625000
  10000	  773	  778	           0	    15625000
  10000	  778	  775	           0	           0
  10000	  769	  773	    15625000	           0
  10000	  771	  773	    15625000	           0
  10000	  776	  774	           0	    15625000
  10000	  769	  777	           0	    15625000
  10000	  776	  783	           0	           0
  10000	  773	  769	    15625000	           0
  10000	  776	  780	    15625000	           0
  10000	  777	  776	    15625000	           0
  10000	  773	  769	           0	    15625000
  10000	  777	  774	           0	           0
  10000	  779	  770	           0	           0
  10000	  764	  773	    15625000	           0
  10000	  775	  780	    15625000	           0
  10000	  777	  779	           0	    15625000
  10000	  783	  775	           0	    15625000
  10000	  767	  775	           0	           0
  10000	  767	  771	    15625000	           0
  10000	  784	  773	    15625000	           0
  10000	  776	  769	    15625000	           0
  10000	  779	  771	    15625000	           0
  10000	  774	  771	           0	    15625000
  10000	  788	  789	           0	    15625000
  10000	  771	  764	           0	    15625000
  10000	  780	  775	           0	           0
  10000	  776	  774	    15625000	           0
  10000	  775	  774	    15625000	           0
  10000	  780	  775	           0	    15625000
  10000	  777	  776	           0	    15625000
  10000	  782	  773	           0	           0
  10000	  777	  779	    15625000	           0
  10000	  778	  778	    15625000	           0
  10000	  769	  773	           0	    15625000
  10000	  771	  776	           0	    15625000
  10000	  773	  780	           0	           0
  10000	  775	  776	    15625000	           0
  10000	  776	  775	    15625000	           0
  10000	  775	  775	           0	    15625000
  10000	  766	  775	           0	    15625000
  10000	  772	  776	           0	           0
  10000	  781	  772	           0	           0
  10000	  779	  770	    15625000	           0
  10000	  777	  774	           0	    15625000
  10000	  773	  781	           0	    15625000
 100000	  597	  592	    93750000	    93750000
 100000	  593	  584	   109375000	    93750000
 100000	  581	  572	    93750000	   109375000
 100000	  584	  588	    93750000	    93750000
 100000	  592	  598	    93750000	    93750000
 100000	  546	  601	    93750000	   109375000
 100000	  569	  575	   109375000	    93750000
 100000	  593	  579	   109375000	    93750000
 100000	  588	  581	    93750000	   109375000
 100000	  595	  595	    93750000	    93750000
 100000	  589	  600	    93750000	   109375000
 100000	  596	  607	   109375000	    93750000
 100000	  567	  584	   109375000	    93750000
 100000	  577	  579	    93750000	   109375000
 100000	  569	  587	    93750000	    93750000
 100000	  570	  593	    93750000	    93750000
 100000	  582	  572	    93750000	    93750000
 100000	  585	  593	   109375000	    93750000
 100000	  593	  593	    93750000	    93750000
 100000	  579	  595	   109375000	    93750000
 100000	  595	  588	   109375000	    93750000
 100000	  573	  583	    93750000	   109375000
 100000	  606	  576	    93750000	   109375000
 100000	  582	  590	    93750000	   109375000
 100000	  574	  585	   109375000	    93750000
 100000	  589	  591	   109375000	    93750000
 100000	  587	  567	    93750000	    93750000
 100000	  571	  579	   109375000	    93750000
 100000	  592	  583	    93750000	    93750000
 100000	  599	  596	    93750000	    93750000
 100000	  613	  587	    93750000	   109375000
 100000	  597	  582	    93750000	   109375000
 100000	  599	  599	    93750000	   109375000
 100000	  584	  593	    93750000	   109375000
 100000	  605	  603	    93750000	    93750000
 100000	  593	  580	   109375000	    93750000
 100000	  582	  592	    93750000	    93750000
 100000	  591	  571	   109375000	    93750000
 100000	  587	  599	    93750000	    93750000
 100000	  582	  572	   109375000	    93750000
 100000	  588	  565	   109375000	    93750000
 100000	  581	  589	   109375000	    93750000
 100000	  585	  604	    93750000	   109375000
 100000	  575	  568	    93750000	    93750000
 100000	  611	  569	   109375000	    93750000
 100000	  589	  567	   109375000	    93750000
 100000	  560	  563	   109375000	    93750000
 100000	  585	  601	    93750000	    93750000
 100000	  572	  596	    93750000	    93750000
 100000	  580	  586	    93750000	    93750000
 100000	  587	  585	    93750000	   109375000
 100000	  589	  590	    93750000	   109375000
 100000	  606	  581	    93750000	    93750000
 100000	  587	  577	    93750000	    93750000
 100000	  595	  570	   109375000	    93750000
 100000	  597	  579	   109375000	    93750000
 100000	  571	  596	    93750000	   109375000
 100000	  576	  588	    93750000	   109375000
 100000	  594	  595	    93750000	    93750000
 100000	  597	  599	    93750000	   109375000
 100000	  572	  581	   109375000	    93750000
 100000	  591	  577	    93750000	    93750000
 100000	  591	  579	    93750000	   109375000
 100000	  588	  594	    93750000	    93750000
 100000	  590	  601	   109375000	    93750000
 100000	  600	  600	   109375000	    93750000
 100000	  578	  594	    93750000	   109375000
 100000	  594	  601	    93750000	    78125000
 100000	  568	  582	   109375000	    93750000
 100000	  599	  579	    93750000	   109375000
 100000	  564	  592	    93750000	   109375000
 100000	  598	  581	   109375000	    93750000
 100000	  597	  608	    93750000	    93750000
 100000	  589	  578	    93750000	   109375000
 100000	  585	  584	    93750000	    93750000
 100000	  602	  596	    93750000	   109375000
 100000	  577	  597	    93750000	    93750000
 100000	  568	  584	    93750000	    93750000
 100000	  580	  595	   109375000	    93750000
 100000	  591	  586	    93750000	   109375000
 100000	  604	  599	   109375000	    93750000
 100000	  562	  584	    93750000	    93750000
 100000	  586	  612	    93750000	    93750000
 100000	  568	  604	   109375000	    93750000
 100000	  592	  580	   109375000	   109375000
 100000	  574	  580	    93750000	    93750000
 100000	  593	  575	    93750000	    93750000
 100000	  595	  595	   109375000	    93750000
 100000	  593	  581	    93750000	    93750000
 100000	  577	  587	   109375000	   109375000
 100000	  581	  580	    93750000	    93750000
 100000	  570	  591	    93750000	    93750000
 100000	  590	  560	    93750000	    93750000
 100000	  583	  590	   109375000	    93750000
 100000	  595	  589	    93750000	   109375000
 100000	  576	  592	    93750000	    93750000
 100000	  584	  590	    93750000	    93750000
 100000	  588	  583	   109375000	    93750000
 100000	  586	  614	    93750000	    93750000
 100000	  581	  588	    93750000	   109375000
1000000	  186	  193	   937500000	   921875000
1000000	  168	  174	   968750000	   921875000
1000000	  168	  173	   921875000	   906250000
1000000	  170	  184	   953125000	   921875000
1000000	  180	  216	   875000000	   890625000
1000000	  158	  175	  1000000000	   828125000
1000000	  167	  188	   921875000	   875000000
1000000	  170	  173	  1015625000	   906250000
1000000	  158	  196	   937500000	   937500000
1000000	  191	  194	   859375000	   828125000
1000000	  178	  186	   968750000	   921875000
1000000	  181	  170	   968750000	   937500000
1000000	  185	  181	  1046875000	   921875000
1000000	  180	  167	   937500000	   984375000
1000000	  168	  159	   953125000	   953125000
1000000	  181	  177	   921875000	   890625000
1000000	  169	  178	  1093750000	   906250000
1000000	  181	  183	   953125000	   937500000
1000000	  152	  168	   953125000	   937500000
1000000	  187	  147	  1015625000	   937500000
1000000	  176	  193	   953125000	   859375000
1000000	  179	  183	   937500000	   843750000
1000000	  193	  166	   937500000	   937500000
1000000	  194	  175	   906250000	   875000000
1000000	  194	  179	  1015625000	   890625000
1000000	  171	  182	   984375000	   859375000
1000000	  168	  174	   921875000	   937500000
1000000	  170	  169	   921875000	   859375000
1000000	  183	  189	   937500000	   906250000
1000000	  153	  177	  1000000000	   890625000
1000000	  161	  186	   921875000	   921875000
1000000	  182	  164	   906250000	   937500000
1000000	  183	  183	   875000000	   953125000
1000000	  181	  212	  1031250000	   906250000
1000000	  198	  166	   937500000	   921875000
1000000	  178	  183	   859375000	   906250000
1000000	  179	  165	   890625000	   906250000
1000000	  180	  180	  1062500000	   937500000
1000000	  177	  179	   890625000	   921875000
1000000	  169	  200	   906250000	   890625000
1000000	  181	  188	   937500000	   906250000
1000000	  181	  190	  1015625000	   921875000
1000000	  203	  190	   906250000	   906250000
1000000	  172	  174	   968750000	   937500000
1000000	  177	  165	  1031250000	   921875000
1000000	  190	  172	   921875000	   937500000
1000000	  152	  183	   968750000	   859375000
1000000	  192	  169	   906250000	   937500000
1000000	  191	  172	   984375000	   890625000
1000000	  192	  185	   937500000	   890625000
1000000	  176	  174	   937500000	   875000000
1000000	  194	  157	   859375000	   859375000
1000000	  195	  186	   953125000	   906250000
1000000	  195	  189	   937500000	   859375000
1000000	  174	  179	   968750000	   859375000
1000000	  179	  195	   953125000	   906250000
1000000	  194	  174	   921875000	   890625000
1000000	  183	  172	   906250000	   937500000
1000000	  186	  202	   921875000	   906250000
1000000	  174	  181	   921875000	   875000000
1000000	  207	  180	   921875000	   906250000
1000000	  188	  166	   937500000	   890625000
1000000	  185	  163	   921875000	   921875000
1000000	  179	  189	   937500000	   937500000
1000000	  178	  176	   906250000	   937500000
1000000	  177	  194	   906250000	   953125000
1000000	  193	  177	   859375000	   953125000
1000000	  164	  158	   953125000	   937500000
1000000	  180	  155	   906250000	   921875000
1000000	  189	  158	   921875000	   906250000
1000000	  187	  181	   937500000	   921875000
1000000	  161	  180	   984375000	   906250000
1000000	  157	  195	  1015625000	   921875000
1000000	  158	  188	   921875000	   921875000
1000000	  160	  190	   937500000	   875000000
1000000	  172	  164	   953125000	   906250000
1000000	  192	  183	   921875000	   875000000
1000000	  183	  176	   937500000	   953125000
1000000	  201	  176	   906250000	   937500000
1000000	  173	  183	   984375000	   843750000
1000000	  196	  181	   906250000	   906250000
1000000	  197	  184	   906250000	   953125000
1000000	  190	  191	   937500000	   921875000
1000000	  190	  166	   921875000	   968750000
1000000	  181	  172	   906250000	   875000000
1000000	  172	  186	   968750000	   937500000
1000000	  177	  193	   953125000	   906250000
1000000	  183	  177	   859375000	   921875000
1000000	  167	  171	   875000000	   906250000
1000000	  205	  187	   921875000	   906250000
1000000	  173	  200	   859375000	   921875000
1000000	  179	  220	   937500000	   921875000
1000000	  179	  165	   921875000	   859375000
1000000	  170	  158	  1000000000	   921875000
1000000	  177	  172	   890625000	   937500000
1000000	  203	  184	   859375000	   890625000
1000000	  169	  199	   937500000	   890625000
1000000	  170	  182	   921875000	  1031250000
1000000	  174	  161	   921875000	  1000000000
1000000	  174	  164	   968750000	   890625000
