   length	     cost1	     cost2	        cpu1	        cpu2
   100000	0.00301470	0.00927426	           0	    15625000
   100000	0.00643305	0.00241450	           0	    15625000
   100000	0.00013706	0.00291827	    15625000	           0
   100000	0.00181617	0.00435627	    15625000	           0
   100000	0.00240572	0.00837240	    15625000	           0
   100000	0.00318254	0.00715073	    15625000	           0
   100000	0.00289051	0.00043091	    15625000	           0
   100000	0.00935620	0.00352579	    15625000	           0
   100000	0.00299597	0.00850132	    15625000	           0
   100000	0.00899135	0.00186732	    15625000	           0
   100000	0.00158929	0.00025785	    15625000	           0
   100000	0.00452947	0.00372596	           0	           0
   100000	0.00804318	0.03765092	           0	           0
   100000	0.00799325	0.00118044	           0	    15625000
   100000	0.00223613	0.00710264	           0	           0
   100000	0.00756350	0.00153060	           0	           0
   100000	0.00250416	0.00015018	    15625000	           0
   100000	0.00894881	0.00971659	    15625000	           0
   100000	0.02201864	0.02503200	    15625000	           0
   100000	0.00602230	0.00514345	    15625000	           0
   100000	0.00705561	0.00054710	    15625000	           0
   100000	0.01298107	0.00549323	    15625000	           0
   100000	0.01406742	0.01145313	    15625000	           0
   100000	0.00312808	0.00309440	    15625000	           0
   100000	0.00548600	0.00496992	    15625000	           0
   100000	0.00864083	0.00091641	    15625000	           0
   100000	0.00809838	0.00218728	    15625000	           0
   100000	0.00695381	0.00400725	    15625000	           0
   100000	0.00955262	0.02915134	    15625000	           0
   100000	0.00036649	0.00801818	           0	    15625000
   100000	0.00750304	0.00226348	           0	    15625000
   100000	0.00604942	0.00044729	           0	    15625000
   100000	0.00006721	0.00134344	           0	    15625000
   100000	0.00587746	0.02306670	           0	    15625000
   100000	0.00084863	0.00669352	           0	    15625000
   100000	0.00698039	0.00167619	           0	    15625000
   100000	0.00082877	0.01534929	           0	    15625000
   100000	0.01889186	0.00380207	           0	    15625000
   100000	0.02236954	0.00256728	           0	    15625000
   100000	0.00050914	0.00020389	           0	    15625000
   100000	0.00766323	0.02016554	           0	           0
   100000	0.01654747	0.00213535	    15625000	           0
   100000	0.00823054	0.01204719	    15625000	           0
   100000	0.00251003	0.00005696	    15625000	           0
   100000	0.00077406	0.01073327	    15625000	           0
   100000	0.00722140	0.00376564	    15625000	           0
   100000	0.00020836	0.00648939	    15625000	           0
   100000	0.01808063	0.00195264	    15625000	           0
   100000	0.01112168	0.00228077	    15625000	           0
   100000	0.00894655	0.00236383	    15625000	           0
   100000	0.00182342	0.00345195	    15625000	           0
   100000	0.00343411	0.00687128	    15625000	           0
   100000	0.00115840	0.00186420	    15625000	           0
   100000	0.01253861	0.00108316	    15625000	           0
   100000	0.00033576	0.00067784	    15625000	           0
   100000	0.00473892	0.00735557	           0	    15625000
   100000	0.00144037	0.00109221	           0	    15625000
   100000	0.00547650	0.00107705	           0	    15625000
   100000	0.00278682	0.00904127	           0	    15625000
   100000	0.00206591	0.00072460	           0	    15625000
   100000	0.01216807	0.00640533	           0	    15625000
   100000	0.00022171	0.01459471	           0	    15625000
   100000	0.02809395	0.00354356	           0	    15625000
   100000	0.00871253	0.02211240	           0	           0
   100000	0.01276174	0.00754072	    15625000	           0
   100000	0.00416871	0.00932635	    15625000	           0
   100000	0.00773887	0.00784580	    15625000	           0
   100000	0.00172969	0.00311525	    15625000	           0
   100000	0.00256792	0.00300093	    15625000	           0
   100000	0.00146783	0.00087226	    15625000	           0
   100000	0.00133345	0.00579360	    15625000	           0
   100000	0.00590244	0.00890205	    15625000	           0
   100000	0.00148710	0.00061546	    15625000	           0
   100000	0.00191422	0.00541609	    15625000	           0
   100000	0.00096395	0.00635257	    15625000	           0
   100000	0.00859481	0.00172107	           0	    15625000
   100000	0.00424378	0.00991763	    15625000	           0
   100000	0.00227614	0.00042518	           0	    15625000
   100000	0.02112361	0.00468272	           0	    15625000
   100000	0.00420823	0.00636559	           0	    15625000
   100000	0.00072846	0.00040420	           0	    15625000
   100000	0.01198385	0.00783592	           0	    15625000
   100000	0.00101329	0.00898089	           0	    15625000
   100000	0.00319490	0.01176726	           0	    15625000
   100000	0.00303722	0.00391118	           0	           0
   100000	0.00562307	0.00477147	           0	           0
   100000	0.00044412	0.00077646	    15625000	           0
   100000	0.00546306	0.01205081	    15625000	           0
   100000	0.00738555	0.00539764	    15625000	           0
   100000	0.00923344	0.00066353	    15625000	           0
   100000	0.01456610	0.00121135	    15625000	           0
   100000	0.00309980	0.00249376	    15625000	           0
   100000	0.00137931	0.00106341	    15625000	           0
   100000	0.00181129	0.00105610	    15625000	           0
   100000	0.00223924	0.00447920	    15625000	           0
   100000	0.02021529	0.01411444	    15625000	           0
   100000	0.00024592	0.00164396	    15625000	           0
   100000	0.00432147	0.00312168	    15625000	           0
   100000	0.01568489	0.00385140	    15625000	           0
   100000	0.01602455	0.00791847	    15625000	           0
  1000000	0.00058309	0.00044419	    93750000	    46875000
  1000000	0.00014717	0.00014862	    93750000	    62500000
  1000000	0.00084454	0.00021496	    78125000	    62500000
  1000000	0.00037970	0.00103567	    78125000	    62500000
  1000000	0.00030778	0.00027167	    78125000	    62500000
  1000000	0.00100257	0.00074925	    78125000	    62500000
  1000000	0.00001318	0.00030688	    78125000	    62500000
  1000000	0.00010805	0.00051874	    78125000	    62500000
  1000000	0.00171342	0.00004676	    78125000	    62500000
  1000000	0.00024461	0.00006215	    78125000	    62500000
  1000000	0.00017561	0.00013657	    78125000	    62500000
  1000000	0.00018903	0.00117101	    78125000	    62500000
  1000000	0.00061166	0.00037148	    78125000	    62500000
  1000000	0.00218058	0.00002135	    78125000	    62500000
  1000000	0.00072064	0.00018705	    78125000	    62500000
  1000000	0.00244754	0.00069282	    78125000	    62500000
  1000000	0.00004972	0.00270608	    78125000	    62500000
  1000000	0.00007371	0.00005514	    78125000	    62500000
  1000000	0.00029650	0.00036867	    93750000	    62500000
  1000000	0.00157416	0.00085373	    78125000	    62500000
  1000000	0.00058491	0.00032478	    78125000	    62500000
  1000000	0.00029580	0.00019686	    78125000	    62500000
  1000000	0.00043566	0.00044983	    78125000	    62500000
  1000000	0.00019822	0.00050139	    78125000	    62500000
  1000000	0.00024710	0.00017216	    78125000	    62500000
  1000000	0.00064567	0.00027239	    78125000	    62500000
  1000000	0.00011798	0.00025655	    93750000	    62500000
  1000000	0.00008506	0.00009231	    78125000	    62500000
  1000000	0.00125608	0.00012204	    78125000	    62500000
  1000000	0.00004072	0.00019326	    78125000	    62500000
  1000000	0.00022359	0.00033624	    78125000	    62500000
  1000000	0.00057233	0.00173789	    78125000	    62500000
  1000000	0.00008799	0.00040755	    78125000	    62500000
  1000000	0.00069960	0.00049427	    93750000	    46875000
  1000000	0.00153557	0.00127551	    93750000	    62500000
  1000000	0.00003126	0.00028777	    78125000	    62500000
  1000000	0.00016552	0.00014945	    78125000	    62500000
  1000000	0.00003010	0.00053891	    78125000	    62500000
  1000000	0.00009035	0.00040176	    78125000	    62500000
  1000000	0.00003843	0.00027473	    78125000	    62500000
  1000000	0.00059947	0.00011063	    78125000	    62500000
  1000000	0.00052661	0.00091390	    78125000	    62500000
  1000000	0.00073528	0.00055903	    93750000	    62500000
  1000000	0.00039769	0.00103918	    78125000	    62500000
  1000000	0.00019846	0.00091595	    78125000	    62500000
  1000000	0.00044911	0.00033950	    78125000	    62500000
  1000000	0.00247856	0.00000276	    78125000	    62500000
  1000000	0.00004791	0.00011577	    78125000	    62500000
  1000000	0.00033876	0.00024406	    78125000	    62500000
  1000000	0.00144885	0.00011527	    78125000	    62500000
  1000000	0.00011604	0.00282959	    78125000	    62500000
  1000000	0.00024968	0.00063361	    93750000	    62500000
  1000000	0.00100087	0.00042058	    78125000	    62500000
  1000000	0.00152056	0.00041389	    78125000	    62500000
  1000000	0.00021048	0.00043000	    78125000	    62500000
  1000000	0.00120061	0.00100759	    78125000	    62500000
  1000000	0.00098331	0.00021452	    78125000	    62500000
  1000000	0.00014083	0.00123594	    78125000	    62500000
  1000000	0.00095819	0.00058641	    93750000	    46875000
  1000000	0.00090140	0.00102402	    93750000	    62500000
  1000000	0.00069310	0.00006622	    78125000	    62500000
  1000000	0.00101496	0.00015599	    78125000	    62500000
  1000000	0.00052343	0.00125466	    78125000	    62500000
  1000000	0.00042670	0.00057529	    78125000	    62500000
  1000000	0.00017428	0.00072922	    78125000	    62500000
  1000000	0.00053249	0.00195604	    78125000	    62500000
  1000000	0.00051452	0.00004468	    78125000	    62500000
  1000000	0.00069985	0.00104416	    93750000	    46875000
  1000000	0.00147766	0.00109551	    78125000	    62500000
  1000000	0.00083228	0.00078382	    78125000	    62500000
  1000000	0.00051243	0.00193912	    78125000	    62500000
  1000000	0.00153084	0.00150025	    78125000	    62500000
  1000000	0.00022369	0.00110859	    78125000	    62500000
  1000000	0.00000345	0.00012748	    78125000	    62500000
  1000000	0.00016186	0.00138605	    78125000	    62500000
  1000000	0.00094926	0.00027267	    78125000	    62500000
  1000000	0.00062239	0.00078061	    78125000	    62500000
  1000000	0.00030758	0.00002295	    93750000	    46875000
  1000000	0.00016912	0.00004186	    93750000	    62500000
  1000000	0.00012015	0.00065156	    78125000	    62500000
  1000000	0.00007589	0.00047738	    78125000	    62500000
  1000000	0.00071456	0.00108927	    78125000	    62500000
  1000000	0.00017189	0.00186401	    78125000	    62500000
  1000000	0.00043055	0.00055236	    78125000	    62500000
  1000000	0.00037009	0.00197781	    78125000	    62500000
  1000000	0.00018869	0.00020469	    78125000	    62500000
  1000000	0.00027606	0.00028769	    93750000	    62500000
  1000000	0.00035059	0.00006755	    78125000	    62500000
  1000000	0.00032124	0.00118788	    78125000	    62500000
  1000000	0.00010967	0.00088609	    78125000	    62500000
  1000000	0.00046007	0.00038119	    78125000	    62500000
  1000000	0.00131173	0.00053211	    78125000	    62500000
  1000000	0.00061908	0.00122182	    78125000	    62500000
  1000000	0.00004276	0.00032860	    78125000	    62500000
  1000000	0.00008543	0.00022967	    78125000	    62500000
  1000000	0.00185909	0.00102996	    93750000	    46875000
  1000000	0.00084169	0.00002157	    78125000	    62500000
  1000000	0.00000406	0.00027594	    78125000	    62500000
  1000000	0.00032371	0.00048579	    78125000	    62500000
  1000000	0.00100106	0.00014661	    78125000	    62500000
 10000000	0.00005954	0.00019374	   796875000	   625000000
 10000000	0.00002747	0.00001220	   796875000	   609375000
 10000000	0.00011758	0.00001797	   796875000	   609375000
 10000000	0.00009067	0.00003883	   812500000	   609375000
 10000000	0.00000053	0.00000721	   812500000	   609375000
 10000000	0.00019320	0.00000047	   796875000	   625000000
 10000000	0.00003618	0.00001636	   796875000	   609375000
 10000000	0.00000139	0.00001932	   812500000	   609375000
 10000000	0.00003973	0.00013252	   812500000	   609375000
 10000000	0.00002595	0.00003269	   796875000	   625000000
 10000000	0.00001093	0.00002427	   796875000	   609375000
 10000000	0.00007271	0.00000559	   812500000	   609375000
 10000000	0.00013570	0.00001659	   796875000	   625000000
 10000000	0.00002355	0.00008135	   796875000	   625000000
 10000000	0.00000158	0.00001126	   781250000	   609375000
 10000000	0.00002610	0.00000046	   812500000	   609375000
 10000000	0.00016284	0.00010498	   812500000	   609375000
 10000000	0.00002223	0.00021753	   765625000	   625000000
 10000000	0.00013600	0.00000568	   796875000	   609375000
 10000000	0.00027362	0.00000998	   812500000	   609375000
 10000000	0.00000787	0.00004564	   812500000	   609375000
 10000000	0.00000489	0.00006710	   796875000	   625000000
 10000000	0.00001972	0.00002666	   796875000	   625000000
 10000000	0.00006974	0.00006453	   796875000	   609375000
 10000000	0.00000608	0.00000389	   812500000	   609375000
 10000000	0.00000261	0.00001444	   812500000	   609375000
 10000000	0.00006017	0.00000741	   812500000	   609375000
 10000000	0.00004549	0.00008707	   796875000	   625000000
 10000000	0.00006990	0.00000941	   796875000	   609375000
 10000000	0.00012154	0.00005796	   812500000	   609375000
 10000000	0.00010809	0.00004227	   812500000	   609375000
 10000000	0.00004315	0.00010360	   796875000	   609375000
 10000000	0.00030000	0.00002359	   812500000	   609375000
 10000000	0.00010897	0.00000643	   812500000	   609375000
 10000000	0.00005070	0.00010609	   796875000	   625000000
 10000000	0.00004882	0.00000011	   796875000	   609375000
 10000000	0.00004336	0.00012381	   812500000	   609375000
 10000000	0.00011229	0.00003919	   812500000	   609375000
 10000000	0.00019626	0.00002572	   796875000	   625000000
 10000000	0.00002295	0.00001303	   812500000	   609375000
 10000000	0.00000858	0.00000794	   796875000	   625000000
 10000000	0.00001102	0.00006313	   796875000	   625000000
 10000000	0.00001195	0.00003314	   796875000	   625000000
 10000000	0.00000825	0.00005379	   796875000	   625000000
 10000000	0.00002143	0.00004454	   796875000	   609375000
 10000000	0.00005758	0.00001757	   812500000	   609375000
 10000000	0.00011522	0.00014122	   796875000	   625000000
 10000000	0.00016026	0.00010803	   796875000	   609375000
 10000000	0.00001562	0.00007168	   812500000	   609375000
 10000000	0.00005113	0.00007321	   796875000	   625000000
 10000000	0.00000138	0.00000942	   796875000	   625000000
 10000000	0.00001085	0.00000791	   796875000	   609375000
 10000000	0.00000059	0.00005483	   812500000	   609375000
 10000000	0.00004497	0.00007072	   796875000	   625000000
 10000000	0.00000195	0.00003212	   812500000	   609375000
 10000000	0.00004449	0.00010020	   796875000	   625000000
 10000000	0.00024284	0.00005366	   796875000	   609375000
 10000000	0.00001752	0.00000930	   812500000	   609375000
 10000000	0.00000232	0.00000356	   796875000	   625000000
 10000000	0.00004735	0.00001985	   796875000	   609375000
 10000000	0.00002995	0.00001666	   812500000	   609375000
 10000000	0.00003497	0.00000065	   812500000	   609375000
 10000000	0.00004974	0.00001990	   796875000	   625000000
 10000000	0.00008937	0.00000315	   796875000	   609375000
 10000000	0.00001053	0.00000953	   812500000	   609375000
 10000000	0.00009006	0.00002031	   812500000	   609375000
 10000000	0.00001945	0.00000500	   796875000	   625000000
 10000000	0.00001732	0.00005340	   796875000	   609375000
 10000000	0.00001870	0.00001182	   796875000	   609375000
 10000000	0.00001698	0.00015265	   796875000	   625000000
 10000000	0.00004889	0.00011052	   796875000	   609375000
 10000000	0.00001719	0.00002233	   812500000	   609375000
 10000000	0.00001989	0.00012030	   812500000	   609375000
 10000000	0.00004922	0.00001433	   812500000	   609375000
 10000000	0.00001095	0.00004794	   796875000	   625000000
 10000000	0.00008597	0.00000397	   796875000	   609375000
 10000000	0.00010076	0.00000894	   812500000	   609375000
 10000000	0.00011572	0.00003369	   796875000	   625000000
 10000000	0.00006051	0.00003827	   796875000	   609375000
 10000000	0.00003192	0.00008896	   812500000	   609375000
 10000000	0.00001249	0.00002284	   796875000	   625000000
 10000000	0.00014317	0.00003811	   796875000	   609375000
 10000000	0.00002235	0.00006244	   812500000	   593750000
 10000000	0.00001130	0.00001189	   812500000	   609375000
 10000000	0.00002308	0.00009358	   812500000	   609375000
 10000000	0.00004752	0.00003201	   812500000	   609375000
 10000000	0.00008725	0.00005180	   796875000	   625000000
 10000000	0.00014033	0.00009148	   796875000	   609375000
 10000000	0.00001800	0.00003096	   812500000	   625000000
 10000000	0.00001308	0.00005279	   812500000	   609375000
 10000000	0.00028669	0.00008103	   812500000	   609375000
 10000000	0.00001256	0.00004045	   812500000	   609375000
 10000000	0.00013222	0.00001815	   812500000	   609375000
 10000000	0.00000825	0.00004016	   796875000	   609375000
 10000000	0.00014283	0.00010230	   796875000	   625000000
 10000000	0.00002713	0.00002265	   796875000	   609375000
 10000000	0.00000791	0.00001838	   812500000	   609375000
 10000000	0.00004692	0.00003002	   812500000	   609375000
 10000000	0.00006043	0.00006770	   796875000	   625000000
 10000000	0.00004233	0.00011425	   796875000	   609375000
100000000	0.00001076	0.00000512	  8015625000	  6125000000
100000000	0.00000013	0.00000253	  8031250000	  6140625000
100000000	0.00000656	0.00000339	  8031250000	  6140625000
100000000	0.00000004	0.00000440	  8109375000	  6140625000
100000000	0.00000469	0.00000698	  8015625000	  6109375000
100000000	0.00002311	0.00000422	  8093750000	  6171875000
100000000	0.00000862	0.00001986	  8000000000	  6187500000
100000000	0.00000201	0.00000862	  8031250000	  6140625000
100000000	0.00000450	0.00000037	  8031250000	  6171875000
100000000	0.00000327	0.00000259	  8031250000	  6156250000
100000000	0.00000630	0.00001416	  8046875000	  6156250000
100000000	0.00000235	0.00000182	  8031250000	  6140625000
100000000	0.00000220	0.00000645	  8015625000	  6156250000
100000000	0.00000646	0.00000449	  7984375000	  6156250000
100000000	0.00000104	0.00002796	  8000000000	  6140625000
100000000	0.00001045	0.00001202	  8031250000	  6140625000
100000000	0.00000635	0.00000246	  8046875000	  6140625000
100000000	0.00000041	0.00000143	  8015625000	  6140625000
100000000	0.00001117	0.00000063	  8031250000	  6156250000
100000000	0.00000330	0.00001116	  8031250000	  6140625000
100000000	0.00000147	0.00000407	  8031250000	  6125000000
100000000	0.00000633	0.00000030	  8062500000	  6156250000
100000000	0.00000686	0.00000247	  8000000000	  6171875000
100000000	0.00000572	0.00000316	  8031250000	  6156250000
100000000	0.00001959	0.00000051	  8031250000	  6140625000
100000000	0.00000543	0.00001116	  8046875000	  6156250000
100000000	0.00000108	0.00000143	  8062500000	  6140625000
100000000	0.00001281	0.00000623	  8109375000	  6140625000
100000000	0.00000199	0.00001914	  8015625000	  6156250000
100000000	0.00000208	0.00000133	  8078125000	  6125000000
100000000	0.00000735	0.00000208	  8031250000	  6140625000
100000000	0.00000843	0.00000473	  8078125000	  6140625000
100000000	0.00000269	0.00000279	  8031250000	  6125000000
100000000	0.00000054	0.00000157	  8031250000	  6156250000
100000000	0.00000287	0.00000707	  8031250000	  6171875000
100000000	0.00000393	0.00000380	  8015625000	  6140625000
100000000	0.00000715	0.00001987	  8031250000	  6140625000
100000000	0.00000091	0.00000473	  8000000000	  6140625000
100000000	0.00000701	0.00000223	  8000000000	  6140625000
100000000	0.00000086	0.00000843	  8078125000	  6140625000
100000000	0.00000630	0.00000058	  8015625000	  6156250000
100000000	0.00000188	0.00000170	  8031250000	  6125000000
100000000	0.00001132	0.00000258	  8031250000	  6140625000
100000000	0.00000840	0.00000004	  8031250000	  6156250000
100000000	0.00000232	0.00000092	  8046875000	  6125000000
100000000	0.00000032	0.00002643	  8031250000	  6156250000
100000000	0.00000721	0.00000016	  8015625000	  6125000000
100000000	0.00000034	0.00000257	  8031250000	  6140625000
100000000	0.00000052	0.00000682	  8015625000	  6125000000
100000000	0.00000093	0.00001233	  8031250000	  6109375000
100000000	0.00000678	0.00000580	  8031250000	  6140625000
100000000	0.00000637	0.00000111	  8015625000	  6140625000
100000000	0.00000503	0.00000152	  8078125000	  6125000000
100000000	0.00000356	0.00000092	  8062500000	  6140625000
100000000	0.00000735	0.00000284	  8031250000	  6125000000
100000000	0.00000154	0.00000924	  8031250000	  6125000000
100000000	0.00003546	0.00000774	  8015625000	  6296875000
100000000	0.00000220	0.00000393	  8234375000	  6140625000
100000000	0.00000339	0.00000886	  8078125000	  6187500000
100000000	0.00000225	0.00001288	  8031250000	  6156250000
100000000	0.00000590	0.00001702	  8015625000	  6125000000
100000000	0.00000637	0.00000436	  8093750000	  6156250000
100000000	0.00000111	0.00003201	  8015625000	  6140625000
100000000	0.00000079	0.00000052	  8031250000	  6140625000
100000000	0.00000817	0.00000466	  8062500000	  6140625000
100000000	0.00000608	0.00000021	  8031250000	  6140625000
100000000	0.00000119	0.00001850	  8093750000	  6171875000
100000000	0.00000488	0.00000058	  8031250000	  6140625000
100000000	0.00001523	0.00001609	  8015625000	  6156250000
100000000	0.00000027	0.00000728	  8031250000	  6140625000
100000000	0.00000386	0.00000499	  8015625000	  6140625000
100000000	0.00000331	0.00000123	  8031250000	  6125000000
100000000	0.00000255	0.00000028	  8015625000	  6140625000
100000000	0.00000090	0.00000123	  8031250000	  6140625000
100000000	0.00001066	0.00000450	  8031250000	  6140625000
100000000	0.00000615	0.00000315	  8031250000	  6125000000
100000000	0.00000804	0.00000242	  8031250000	  6140625000
100000000	0.00001571	0.00000234	  8015625000	  6140625000
100000000	0.00000591	0.00000333	  8031250000	  6125000000
100000000	0.00001550	0.00000796	  8015625000	  6125000000
100000000	0.00001087	0.00001143	  8109375000	  6140625000
100000000	0.00000034	0.00000635	  8015625000	  6140625000
100000000	0.00000079	0.00000264	  8031250000	  6140625000
100000000	0.00000042	0.00000760	  8125000000	  6140625000
100000000	0.00001955	0.00001515	  8015625000	  6125000000
100000000	0.00000494	0.00000277	  8015625000	  6140625000
100000000	0.00001054	0.00000703	  8031250000	  6156250000
100000000	0.00001963	0.00001247	  8046875000	  6156250000
100000000	0.00001238	0.00000970	  8015625000	  6156250000
100000000	0.00000890	0.00001161	  8031250000	  6125000000
100000000	0.00001036	0.00000479	  8031250000	  6140625000
100000000	0.00000470	0.00000267	  8125000000	  6171875000
100000000	0.00000157	0.00000644	  8015625000	  6140625000
100000000	0.00000190	0.00000320	  8015625000	  6125000000
100000000	0.00000055	0.00001129	  8031250000	  6140625000
100000000	0.00000834	0.00000747	  8015625000	  6140625000
100000000	0.00000410	0.00000141	  8093750000	  6140625000
100000000	0.00001433	0.00000462	  8031250000	  6125000000
100000000	0.00000073	0.00000209	  8031250000	  6156250000
100000000	0.00000126	0.00000344	  8015625000	  6125000000
